3 0.11484375 0.496875 0.19609375 0.28203125
11 0.3796875 0.81171875 0.19921875 0.2921875
11 0.634375 0.81015625 0.1984375 0.28984375
11 0.1171875 0.809375 0.20234375 0.28828125
11 0.89453125 0.4984375 0.19921875 0.27890625
11 0.63359375 0.5015625 0.20078125 0.2859375
11 0.3734375 0.5015625 0.20078125 0.2859375
11 0.89609375 0.81015625 0.20234375 0.28984375
11 0.896875 0.20234375 0.1984375 0.28359375
11 0.634375 0.19765625 0.19296875 0.28359375
11 0.3734375 0.20390625 0.19375 0.278125
11 0.115625 0.1984375 0.19375 0.278125