3 0.85859375 0.46875 0.18046875 0.259375
11 0.6140625 0.1796875 0.18359375 0.26875
11 0.38046875 0.18046875 0.1828125 0.26640625
11 0.85625 0.18125 0.1859375 0.265625
11 0.140625 0.4671875 0.18359375 0.25703125
11 0.38046875 0.46484375 0.18515625 0.26328125
11 0.6203125 0.46484375 0.18515625 0.26328125
11 0.1390625 0.18046875 0.1859375 0.26640625
11 0.13828125 0.740625 0.1828125 0.2609375
11 0.3796875 0.74453125 0.17734375 0.2609375
11 0.6203125 0.7390625 0.17890625 0.25625
11 0.8578125 0.74375 0.17890625 0.25625