6 0.40703125 0.0640625 0.06640625 0.09296875
6 0.6515625 0.58203125 0.1296875 0.178125
12 0.95 0.3890625 0.06015625 0.07578125
3 0.671875 0.80859375 0.16328125 0.221875
25 0.9484375 0.746875 0.08359375 0.115625
2 0.33828125 0.7359375 0.05 0.06640625
0 0.0515625 0.1578125 0.08984375 0.1203125
6 0.4015625 0.24453125 0.0765625 0.10703125
6 0.5296875 0.178125 0.08671875 0.115625
6 0.7546875 0.2890625 0.13671875 0.178125
24 0.528125 0.378125 0.0703125 0.09765625
3 0.86328125 0.04453125 0.06640625 0.0890625
25 0.36796875 0.3890625 0.0703125 0.09296875
11 0.60859375 0.2578125 0.04296875 0.053125
0 0.08984375 0.5203125 0.053125 0.07109375
0 0.0484375 0.5625 0.05703125 0.06640625
10 0.05859375 0.28671875 0.04296875 0.0578125
6 0.91484375 0.20234375 0.1296875 0.1734375