3 0.53203125 0.6609375 0.228125 0.215625
3 0.1234375 0.88671875 0.228125 0.21484375
3 0.1671875 0.21640625 0.2328125 0.2203125
3 0.8359375 0.12109375 0.22890625 0.18984375
24 0.41640625 0.51015625 0.1484375 0.14296875
24 0.87734375 0.9515625 0.1546875 0.09609375
24 0.62421875 0.04765625 0.16328125 0.04296875
24 0.184375 0.05390625 0.16328125 0.0546875
25 0.940625 0.76875 0.11875 0.21875
25 0.2953125 0.72734375 0.2328125 0.2140625
25 0.7171875 0.33671875 0.23984375 0.2203125
11 0.9296875 0.3140625 0.140625 0.234375
11 0.40078125 0.11640625 0.24375 0.1796875
11 0.7046875 0.83828125 0.25078125 0.228125
2 0.1890625 0.4953125 0.25078125 0.24453125
2 0.77265625 0.58125 0.259375 0.24453125
2 0.04296875 0.10625 0.08515625 0.159375
20 0.42265625 0.9234375 0.34375 0.153125
20 0.95 0.546875 0.1 0.2
20 0.43046875 0.31171875 0.32421875 0.19140625
20 0.0296875 0.55859375 0.059375 0.20390625
14 0.565625 0.465625 0.14609375 0.14453125
14 0.6203125 0.1578125 0.16328125 0.1078125
14 0.04296875 0.38359375 0.08515625 0.15078125