3 0.546875 0.675 0.2359375 0.22265625
3 0.92578125 0.89921875 0.1484375 0.2015625
3 0.9015625 0.215625 0.19609375 0.22734375
3 0.2328125 0.11796875 0.23671875 0.19609375
24 0.66640625 0.51953125 0.153125 0.14765625
24 0.18984375 0.96328125 0.16015625 0.0734375
24 0.4515625 0.0421875 0.16875 0.04453125
24 0.90625 0.0484375 0.16875 0.05703125
25 0.09296875 0.7859375 0.1859375 0.225
25 0.79140625 0.74375 0.240625 0.22109375
25 0.35546875 0.33984375 0.24765625 0.22734375
11 0.1046875 0.31640625 0.209375 0.24296875
11 0.6828125 0.1125 0.25234375 0.18515625
11 0.36796875 0.85859375 0.259375 0.2359375
2 0.8859375 0.5046875 0.228125 0.253125
2 0.2984375 0.59296875 0.26796875 0.253125
20 0.66015625 0.93359375 0.35546875 0.13203125
20 0.08359375 0.5578125 0.16640625 0.20625
20 0.65234375 0.31484375 0.3359375 0.1984375
14 0.5125 0.47421875 0.15078125 0.15
14 0.45625 0.15546875 0.16875 0.11171875