12 0.08515625 0.684375 0.05703125 0.07578125
12 0.20078125 0.64140625 0.053125 0.07109375
12 0.0765625 0.8953125 0.15234375 0.17421875
12 0.04296875 0.62421875 0.04609375 0.07265625
12 0.45859375 0.65390625 0.0515625 0.06953125
12 0.27734375 0.75390625 0.0546875 0.07890625
12 0.03046875 0.9296875 0.0609375 0.1
12 0.0859375 0.92890625 0.06015625 0.08984375
12 0.12421875 0.85703125 0.05546875 0.07109375
12 0.071875 0.85859375 0.06484375 0.09375
12 0.959375 0.76875 0.06484375 0.08203125
12 0.9671875 0.84609375 0.06328125 0.0984375
12 0.0234375 0.85 0.046875 0.08203125
12 0.9421875 0.81484375 0.11484375 0.20390625