11 0.87421875 0.7640625 0.15234375 0.3109375
25 0.87890625 0.22109375 0.14296875 0.29140625
11 0.40234375 0.7640625 0.15234375 0.3109375
3 0.5890625 0.77890625 0.13828125 0.28046875
2 0.13671875 0.25703125 0.17734375 0.35859375
24 0.91328125 0.48359375 0.07421875 0.15
19 0.7453125 0.140625 0.06171875 0.125
2 0.60859375 0.2609375 0.1765625 0.359375
3 0.1171875 0.78046875 0.13828125 0.28359375
20 0.740625 0.540625 0.1953125 0.26015625
20 0.26640625 0.53984375 0.19375 0.265625
1 0.728125 0.834375 0.0796875 0.16484375
1 0.25703125 0.8359375 0.08125 0.1609375
24 0.44375 0.48515625 0.07421875 0.1484375
25 0.4078125 0.22109375 0.14609375 0.29140625
19 0.275 0.1421875 0.0609375 0.12890625