11 0.11484375 0.83984375 0.1765625 0.3203125
25 0.109375 0.23046875 0.16484375 0.3390625
11 0.66171875 0.83984375 0.1765625 0.3203125
3 0.446875 0.8578125 0.16015625 0.28359375
2 0.93359375 0.271875 0.1328125 0.415625
24 0.06953125 0.53515625 0.0859375 0.17421875
19 0.2640625 0.13671875 0.07109375 0.1453125
2 0.42265625 0.27734375 0.20390625 0.4171875
3 0.95625 0.8578125 0.0875 0.28359375
20 0.2703125 0.60234375 0.22578125 0.3015625
20 0.81875 0.60078125 0.22421875 0.30859375
1 0.284375 0.92265625 0.0921875 0.1546875
1 0.83046875 0.92578125 0.0953125 0.1484375
24 0.61328125 0.5375 0.0859375 0.17265625
25 0.6546875 0.23125 0.16875 0.3390625
19 0.80859375 0.1390625 0.0703125 0.15