6 0.78984375 0.53671875 0.06484375 0.08515625
6 0.03203125 0.97265625 0.0390625 0.05078125
6 0.0453125 0.23515625 0.06015625 0.0796875
6 0.23984375 0.0796875 0.07421875 0.10078125
6 0.16171875 0.79375 0.04765625 0.06328125
6 0.2359375 0.62109375 0.0640625 0.0859375
6 0.56796875 0.5828125 0.053125 0.07109375
6 0.7796875 0.10390625 0.07109375 0.1
6 0.01796875 0.1359375 0.03515625 0.0921875
6 0.97265625 0.54765625 0.05390625 0.0890625
6 0.90390625 0.23515625 0.06171875 0.0828125
6 0.3703125 0.146875 0.06640625 0.0921875
6 0.1359375 0.715625 0.040625 0.05234375
6 0.10234375 0.19453125 0.0640625 0.0859375
6 0.49375 0.21484375 0.06171875 0.08125
6 0.49140625 0.26171875 0.05859375 0.0578125
6 0.390625 0.2765625 0.05234375 0.07421875
6 0.37265625 0.25625 0.05546875 0.0765625
6 0.71953125 0.25625 0.0453125 0.078125
6 0.33203125 0.27421875 0.053125 0.07578125