6 0.7734375 0.48984375 0.0609375 0.0796875
6 0.06328125 0.08125 0.03671875 0.04765625
6 0.07578125 0.77265625 0.05625 0.075
6 0.2578125 0.91796875 0.06953125 0.09453125
6 0.18515625 0.2484375 0.0453125 0.059375
6 0.2546875 0.41015625 0.06015625 0.08046875
6 0.565625 0.446875 0.05 0.06640625
6 0.7640625 0.8953125 0.0671875 0.09296875
6 0.034375 0.86484375 0.0640625 0.08671875
6 0.95078125 0.47890625 0.06171875 0.08359375
6 0.88046875 0.771875 0.0578125 0.07734375
6 0.38046875 0.8546875 0.0625 0.08671875
6 0.16015625 0.321875 0.03828125 0.04921875
6 0.1296875 0.81015625 0.06015625 0.08046875
6 0.49609375 0.79140625 0.0578125 0.07578125
6 0.49375 0.746875 0.0546875 0.05390625
6 0.39921875 0.73359375 0.0484375 0.06953125
6 0.3828125 0.75234375 0.0515625 0.071875
6 0.7078125 0.75234375 0.0421875 0.0734375
6 0.34453125 0.73515625 0.05 0.07109375