11 0.87734375 0.08984375 0.16640625 0.1640625
12 0.1046875 0.0875 0.16640625 0.16953125
1 0.36015625 0.08984375 0.16953125 0.16953125
24 0.6171875 0.09140625 0.17421875 0.17265625
25 0.875 0.34375 0.1640625 0.17265625
20 0.615625 0.35546875 0.2203125 0.1359375
3 0.35546875 0.34375 0.1765625 0.1796875
2 0.10078125 0.346875 0.17109375 0.1640625
14 0.8703125 0.87578125 0.21171875 0.11796875
4 0.35 0.60703125 0.165625 0.16953125
7 0.10078125 0.6078125 0.1671875 0.17421875
23 0.61796875 0.86015625 0.165625 0.16015625