12 0.86171875 0.60859375 0.153125 0.15078125
12 0.209375 0.35625 0.15078125 0.1515625
12 0.7234375 0.24453125 0.14453125 0.14296875
12 0.315625 0.72734375 0.16015625 0.16015625
12 0.68203125 0.725 0.1640625 0.1640625
12 0.55390625 0.3546875 0.1546875 0.1546875
12 0.4921875 0.8296875 0.16953125 0.17109375
12 0.37421875 0.4546875 0.159375 0.1609375
19 0.56328125 0.15390625 0.14296875 0.13828125
19 0.36171875 0.26484375 0.14296875 0.1484375
19 0.6890625 0.51015625 0.14296875 0.14453125
19 0.48125 0.63125 0.15703125 0.1546875