12 0.85703125 0.3859375 0.15078125 0.1484375
12 0.2140625 0.63515625 0.1484375 0.14921875
12 0.7203125 0.7453125 0.14296875 0.140625
12 0.31953125 0.26953125 0.1578125 0.1578125
12 0.6796875 0.27109375 0.16171875 0.16171875
12 0.55390625 0.63671875 0.15234375 0.15234375
12 0.49296875 0.16796875 0.1671875 0.16875
12 0.37734375 0.53828125 0.15703125 0.15859375
19 0.56328125 0.83359375 0.140625 0.1359375
19 0.36484375 0.725 0.140625 0.14609375
19 0.68671875 0.48359375 0.140625 0.14296875
19 0.48203125 0.3640625 0.1546875 0.15234375