23 0.49375 0.446875 0.23046875 0.4109375
11 0.375 0.74453125 0.11640625 0.20546875
13 0.9125 0.76484375 0.10078125 0.1765625
23 0.1890625 0.3359375 0.35859375 0.63359375
0 0.2265625 0.7484375 0.1171875 0.20546875
25 0.65625 0.753125 0.10859375 0.19296875
6 0.096875 0.75546875 0.1203125 0.2109375
6 0.7921875 0.7546875 0.1015625 0.17890625
3 0.521875 0.75234375 0.10859375 0.190625
1 0.2859375 0.93046875 0.0421875 0.075
18 0.3515625 0.93359375 0.04140625 0.075
12 0.42890625 0.93125 0.040625 0.0734375
19 0.14375 0.9234375 0.04921875 0.0859375
0 0.0546875 0.90703125 0.07265625 0.121875
19 0.215625 0.9265625 0.04453125 0.078125
19 0.9546875 0.9484375 0.021875 0.03984375
19 0.91875 0.9484375 0.02421875 0.04375