2 0.9484375 0.0875 0.103125 0.175
1 0.51953125 0.0484375 0.1515625 0.096875
25 0.74765625 0.05859375 0.1734375 0.1171875
0 0.66484375 0.42421875 0.1875 0.25234375
6 0.42734375 0.4296875 0.1796875 0.24453125
0 0.78984375 0.42578125 0.1875 0.25
0 0.909375 0.42890625 0.178125 0.24609375
0 0.9703125 0.42890625 0.05859375 0.24609375
2 0.6328125 0.79609375 0.2390625 0.275
2 0.8390625 0.79453125 0.23359375 0.275
11 0.4328125 0.79609375 0.2296875 0.275
20 0.24921875 0.784375 0.20703125 0.24765625
20 0.0984375 0.7859375 0.196875 0.25