19 0.25625 0.49921875 0.171875 0.17421875
19 0.5890625 0.6546875 0.1515625 0.14609375
19 0.740625 0.66328125 0.15390625 0.134375
19 0.59921875 0.51015625 0.17265625 0.16796875
19 0.4375 0.64375 0.15546875 0.13984375
19 0.0953125 0.52734375 0.1734375 0.17421875
19 0.28046875 0.634375 0.1578125 0.14921875
19 0.925 0.49609375 0.15 0.16328125
19 0.13046875 0.6546875 0.16015625 0.153125
19 0.89375 0.6203125 0.165625 0.15546875
19 0.76796875 0.51875 0.1734375 0.175
19 0.4265625 0.50234375 0.1734375 0.1828125
19 0.50390625 0.56953125 0.9921875 0.3265625