19 0.26640625 0.5140625 0.1703125 0.171875
19 0.5953125 0.36015625 0.15 0.14453125
19 0.74609375 0.3515625 0.15234375 0.1328125
19 0.60546875 0.503125 0.1703125 0.165625
19 0.44609375 0.371875 0.15390625 0.13828125
19 0.1078125 0.48671875 0.171875 0.17265625
19 0.290625 0.38125 0.15625 0.14765625
19 0.9265625 0.51796875 0.14609375 0.16171875
19 0.1421875 0.3609375 0.15859375 0.1515625
19 0.896875 0.39453125 0.1640625 0.15390625
19 0.77265625 0.4953125 0.17109375 0.1734375
19 0.4359375 0.5109375 0.17109375 0.18046875
19 0.5109375 0.4453125 0.97734375 0.3234375