19 0.25546875 0.52421875 0.1609375 0.1625
19 0.565625 0.3796875 0.14140625 0.1359375
19 0.7078125 0.37109375 0.14375 0.125
19 0.575 0.5140625 0.1609375 0.15625
19 0.425 0.38984375 0.1453125 0.1296875
19 0.10625 0.4984375 0.16171875 0.1625
19 0.278125 0.3984375 0.146875 0.1390625
19 0.89296875 0.528125 0.1671875 0.15234375
19 0.13828125 0.3796875 0.15 0.14296875
19 0.85 0.41171875 0.1546875 0.1453125
19 0.7328125 0.50625 0.1609375 0.16328125
19 0.41484375 0.521875 0.1609375 0.1703125
19 0.50078125 0.459375 0.9515625 0.3046875