0 0.484375 0.22109375 0.2140625 0.21640625
0 0.67265625 0.2125 0.19609375 0.21171875
0 0.7375 0.38671875 0.215625 0.21640625
0 0.2578125 0.33125 0.2078125 0.21015625
0 0.484375 0.79296875 0.209375 0.21015625
0 0.2609375 0.6171875 0.2078125 0.20859375
0 0.37265625 0.184375 0.18046875 0.2078125
0 0.74296875 0.66328125 0.209375 0.2125
0 0.35703125 0.7375 0.1921875 0.203125
0 0.37421875 0.465625 0.20390625 0.20546875
0 0.64296875 0.746875 0.18984375 0.20390625
0 0.71796875 0.49921875 0.20703125 0.15625