0 0.4546875 0.7578125 0.12578125 0.13203125
0 0.621875 0.68984375 0.12421875 0.128125
0 0.46328125 0.64375 0.121875 0.115625
0 0.925 0.65703125 0.121875 0.121875
0 0.80625 0.8296875 0.1359375 0.1359375
0 0.3109375 0.646875 0.12578125 0.121875
0 0.8828125 0.74921875 0.1296875 0.134375
0 0.365625 0.5609375 0.115625 0.11796875
0 0.1078125 0.61015625 0.1203125 0.1203125
0 0.234375 0.5890625 0.115625 0.121875
0 0.7296875 0.746875 0.13203125 0.1296875
0 0.8078125 0.67265625 0.12421875 0.121875
0 0.159375 0.69375 0.1296875 0.128125