6 0.440625 0.03984375 0.075 0.0796875
6 0.71484375 0.61015625 0.1453125 0.2
3 0.73671875 0.86484375 0.1828125 0.25
2 0.3640625 0.7828125 0.05625 0.075
0 0.046875 0.1328125 0.09296875 0.13515625
6 0.434375 0.2296875 0.0859375 0.1203125
6 0.578125 0.1546875 0.096875 0.1296875
6 0.83046875 0.2796875 0.153125 0.2
24 0.5765625 0.3796875 0.078125 0.11015625
3 0.9515625 0.02734375 0.075 0.0546875
25 0.39765625 0.3921875 0.078125 0.1046875
11 0.66640625 0.2453125 0.0484375 0.06015625
0 0.0859375 0.53984375 0.059375 0.0796875
0 0.0390625 0.5875 0.06328125 0.075
10 0.05 0.27734375 0.0484375 0.06484375
6 0.96796875 0.1828125 0.06328125 0.1953125