6 0.59375 0.9390625 0.0671875 0.09453125
6 0.34765625 0.4140625 0.13125 0.18046875
12 0.046875 0.61015625 0.06015625 0.0765625
3 0.32734375 0.184375 0.1640625 0.225
25 0.0484375 0.24765625 0.08359375 0.1171875
2 0.6625 0.259375 0.05 0.0671875
0 0.9515625 0.84453125 0.090625 0.121875
6 0.59921875 0.75703125 0.07734375 0.1078125
6 0.46953125 0.82421875 0.0875 0.1171875
6 0.24296875 0.71171875 0.1375 0.18046875
24 0.47109375 0.621875 0.0703125 0.09921875
3 0.134375 0.95703125 0.0671875 0.0859375
25 0.6328125 0.61015625 0.0703125 0.09453125
11 0.390625 0.74296875 0.04375 0.05390625
0 0.9125 0.47734375 0.05390625 0.071875
0 0.9546875 0.434375 0.05703125 0.0671875
10 0.94453125 0.7140625 0.04375 0.05859375
6 0.08203125 0.79921875 0.13125 0.17578125