20 0.11796875 0.39609375 0.23515625 0.27421875
20 0.8640625 0.39609375 0.271875 0.27421875
1 0.48515625 0.89921875 0.28125 0.20078125
2 0.4828125 0.66796875 0.27421875 0.246875
20 0.48359375 0.39609375 0.271875 0.27421875
1 0.86015625 0.896875 0.2796875 0.203125
1 0.12265625 0.8984375 0.2453125 0.203125
2 0.12109375 0.66484375 0.24140625 0.253125
2 0.8609375 0.66640625 0.278125 0.24765625
11 0.8609375 0.12578125 0.278125 0.2515625
11 0.4859375 0.12578125 0.28125 0.2515625
11 0.11953125 0.12734375 0.2390625 0.2546875