20 0.85390625 0.3796875 0.2625 0.2640625
20 0.125 0.3796875 0.24921875 0.2640625
1 0.4828125 0.88359375 0.2703125 0.2328125
2 0.48515625 0.64140625 0.26328125 0.2375
20 0.484375 0.3796875 0.2609375 0.2640625
1 0.12890625 0.88203125 0.2578125 0.2359375
1 0.85 0.88203125 0.275 0.2359375
2 0.8546875 0.6390625 0.27421875 0.24296875
2 0.12734375 0.6390625 0.2546875 0.2375
11 0.12734375 0.1203125 0.2546875 0.240625
11 0.4828125 0.12109375 0.2703125 0.24140625
11 0.8546875 0.12265625 0.26953125 0.24453125