3 0.47109375 0.37734375 0.2015625 0.18984375
3 0.83125 0.178125 0.2015625 0.1890625
3 0.79296875 0.76953125 0.20546875 0.19453125
3 0.203125 0.853125 0.2015625 0.1671875
3 0.1953125 0.01328125 0.146875 0.0265625
24 0.5734375 0.5109375 0.13046875 0.12578125
24 0.16640625 0.10234375 0.13671875 0.12265625
24 0.390625 0.04296875 0.1375 0.0859375
24 0.7734375 0.03984375 0.134375 0.07890625
24 0.3890625 0.91796875 0.14453125 0.0375
24 0.778125 0.9125 0.14453125 0.0484375
25 0.08203125 0.28359375 0.16328125 0.1921875
25 0.6796875 0.31953125 0.20546875 0.1890625
25 0.3078125 0.66328125 0.21171875 0.19453125
25 0.97890625 0.28671875 0.0421875 0.16328125
11 0.09140625 0.684375 0.1828125 0.20703125
11 0.58671875 0.8578125 0.215625 0.15859375
11 0.98125 0.6859375 0.0375 0.15625
11 0.31796875 0.22109375 0.22109375 0.2015625
11 0.5875 0.021875 0.17890625 0.04296875
2 0.77421875 0.5234375 0.22109375 0.215625
2 0.25859375 0.44765625 0.22890625 0.215625
2 0.93203125 0.8671875 0.13359375 0.140625
20 0.5671875 0.1328125 0.30390625 0.16171875
20 0.0734375 0.478125 0.14609375 0.1765625
20 0.5609375 0.68515625 0.28671875 0.16875
20 0.94375 0.46796875 0.1125 0.1796875
14 0.44140625 0.54921875 0.12890625 0.12734375
14 0.39296875 0.82109375 0.14453125 0.0953125
14 0.91328125 0.62265625 0.09609375 0.1328125