12 0.08125 0.31484375 0.05703125 0.07578125
12 0.19765625 0.3578125 0.053125 0.071875
12 0.07421875 0.103125 0.1484375 0.175
12 0.0390625 0.375 0.04609375 0.0734375
12 0.45703125 0.3453125 0.0515625 0.06953125
12 0.275 0.24453125 0.05546875 0.0796875
12 0.02890625 0.0671875 0.05703125 0.10078125
12 0.08203125 0.06875 0.0609375 0.090625
12 0.1203125 0.140625 0.05546875 0.071875
12 0.06796875 0.13984375 0.06484375 0.09375
12 0.9609375 0.2296875 0.065625 0.0828125
12 0.96796875 0.15234375 0.06328125 0.09921875
12 0.02109375 0.14765625 0.0421875 0.0828125
12 0.94296875 0.1828125 0.1140625 0.20546875