12 0.0796875 0.31796875 0.0578125 0.0765625
12 0.196875 0.3609375 0.05390625 0.071875
12 0.0734375 0.10546875 0.146875 0.1765625
12 0.03671875 0.37890625 0.046875 0.0734375
12 0.45703125 0.3484375 0.05234375 0.0703125
12 0.27421875 0.24765625 0.05546875 0.08046875
12 0.028125 0.06875 0.05546875 0.10078125
12 0.08046875 0.07109375 0.0609375 0.09140625
12 0.11875 0.14296875 0.05625 0.071875
12 0.06640625 0.1421875 0.06484375 0.09453125
12 0.96328125 0.23203125 0.065625 0.0828125
12 0.96953125 0.1546875 0.0609375 0.1
12 0.0203125 0.15 0.040625 0.0828125
12 0.94375 0.1859375 0.11171875 0.20703125