11 0.87890625 0.2234375 0.1546875 0.31640625
25 0.884375 0.77578125 0.1453125 0.296875
11 0.3984375 0.2234375 0.1546875 0.31640625
3 0.58828125 0.2078125 0.14140625 0.28515625
2 0.128125 0.7390625 0.18046875 0.3640625
24 0.91875 0.50859375 0.07578125 0.15234375
19 0.74765625 0.85703125 0.0625 0.12734375
2 0.60859375 0.734375 0.1796875 0.36484375
3 0.1078125 0.20625 0.140625 0.28828125
20 0.7421875 0.45 0.1984375 0.2640625
20 0.26015625 0.45078125 0.19765625 0.2703125
1 0.73046875 0.1515625 0.08046875 0.1671875
1 0.25078125 0.14921875 0.0828125 0.16328125
24 0.440625 0.50703125 0.07578125 0.1515625
25 0.4046875 0.775 0.1484375 0.296875
19 0.26953125 0.85546875 0.06171875 0.13125