6 0.846875 0.5015625 0.06796875 0.08984375
6 0.05234375 0.959375 0.04140625 0.053125
6 0.065625 0.1859375 0.06328125 0.08359375
6 0.26875 0.03828125 0.078125 0.0765625
6 0.18828125 0.771875 0.05 0.06640625
6 0.265625 0.590625 0.0671875 0.090625
6 0.6140625 0.55 0.05625 0.075
6 0.8359375 0.05078125 0.075 0.1015625
6 0.02734375 0.0828125 0.0546875 0.096875
6 0.96640625 0.1859375 0.06484375 0.08671875
6 0.40703125 0.09296875 0.0703125 0.096875
6 0.16015625 0.68984375 0.04296875 0.0546875
6 0.12578125 0.14296875 0.0671875 0.090625
6 0.53671875 0.16484375 0.0640625 0.08515625
6 0.53359375 0.2140625 0.06171875 0.0609375
6 0.428125 0.22890625 0.0546875 0.07734375
6 0.409375 0.2078125 0.0578125 0.08046875
6 0.77265625 0.2078125 0.04765625 0.08203125
6 0.36640625 0.22734375 0.05625 0.07890625