11 0.12890625 0.1203125 0.1578125 0.1546875
12 0.85859375 0.1171875 0.1578125 0.16015625
1 0.6171875 0.1203125 0.16015625 0.16015625
24 0.37421875 0.121875 0.16484375 0.16328125
25 0.13046875 0.36015625 0.1546875 0.16328125
20 0.37578125 0.37109375 0.20859375 0.128125
3 0.621875 0.36015625 0.16640625 0.1703125
2 0.8625 0.3625 0.16171875 0.1546875
14 0.13515625 0.8625 0.2 0.11171875
4 0.6265625 0.60859375 0.15703125 0.16015625
7 0.8625 0.609375 0.15859375 0.16484375
23 0.3734375 0.84765625 0.15703125 0.1515625