12 0.14453125 0.61171875 0.15 0.14765625
12 0.7828125 0.36484375 0.14765625 0.1484375
12 0.2796875 0.25546875 0.14140625 0.13984375
12 0.678125 0.728125 0.15703125 0.15703125
12 0.3203125 0.7265625 0.1609375 0.1609375
12 0.44609375 0.36328125 0.1515625 0.1515625
12 0.50625 0.82890625 0.165625 0.1671875
12 0.62109375 0.4609375 0.15546875 0.1578125
19 0.43671875 0.1671875 0.13984375 0.13515625
19 0.63359375 0.27578125 0.13984375 0.1453125
19 0.31328125 0.515625 0.13984375 0.14140625
19 0.51640625 0.634375 0.153125 0.1515625