11 0.5421875 0.878125 0.275 0.24375
11 0.04453125 0.390625 0.0890625 0.25625
24 0.87109375 0.4109375 0.14609375 0.1515625
24 0.41875 0.0171875 0.13671875 0.03359375
1 0.93828125 0.1890625 0.1234375 0.13828125
1 0.83984375 0.82734375 0.14453125 0.13515625
2 0.36171875 0.4578125 0.28125 0.275
2 0.03203125 0.89765625 0.06328125 0.20390625
25 0.16953125 0.0328125 0.27890625 0.065625
25 0.68203125 0.60703125 0.2734375 0.26953125
25 0.1796875 0.98359375 0.265625 0.0328125
20 0.44296875 0.18984375 0.23046875 0.23046875
20 0.096875 0.62890625 0.19375 0.2359375
20 0.85078125 0.96875 0.21875 0.06171875
14 0.878125 0.04609375 0.13125 0.065625
14 0.40859375 0.67890625 0.15 0.08046875
3 0.93515625 0.640625 0.12890625 0.209375