11 0.446875 0.12109375 0.246875 0.24140625
11 0.0203125 0.56953125 0.040625 0.2296875
11 0.921875 0.5703125 0.15625 0.24140625
24 0.74140625 0.5515625 0.13125 0.1359375
24 0.33671875 0.94453125 0.12265625 0.1109375
1 0.81171875 0.75 0.13125 0.12421875
1 0.7140625 0.178125 0.12890625 0.12109375
2 0.28515625 0.509375 0.2515625 0.246875
2 0.9125 0.109375 0.17421875 0.21796875
2 0.009375 0.103125 0.01875 0.20625
25 0.11953125 0.93046875 0.2390625 0.1390625
25 0.571875 0.37578125 0.2453125 0.24140625
25 0.1234375 0.0265625 0.2375 0.053125
20 0.35859375 0.74921875 0.20625 0.20625
20 0.0671875 0.35546875 0.134375 0.21171875
20 0.725 0.03984375 0.196875 0.0796875
20 0.7375 0.96953125 0.17265625 0.06015625
14 0.7484375 0.878125 0.1171875 0.05859375
14 0.32734375 0.3109375 0.134375 0.071875
3 0.83359375 0.3453125 0.184375 0.18828125