11 0.5296875 0.840625 0.23515625 0.2296875
11 0.9578125 0.41328125 0.08125 0.21875
11 0.07578125 0.4125 0.1515625 0.2296875
24 0.24921875 0.43046875 0.12421875 0.1296875
24 0.63515625 0.0546875 0.11640625 0.10859375
1 0.18203125 0.24140625 0.12421875 0.11796875
1 0.27578125 0.7859375 0.12265625 0.11484375
2 0.68359375 0.4703125 0.23984375 0.23515625
2 0.084375 0.86328125 0.16875 0.2328125
2 0.96875 0.8625 0.0625 0.2078125
25 0.84765625 0.06796875 0.23828125 0.1359375
25 0.41015625 0.59765625 0.23359375 0.2296875
25 0.83828125 0.95234375 0.2265625 0.0953125
20 0.6140625 0.2421875 0.196875 0.196875
20 0.91328125 0.61640625 0.1734375 0.2015625
20 0.265625 0.93984375 0.18671875 0.11953125
20 0.253125 0.03046875 0.16484375 0.0609375
14 0.24296875 0.11875 0.11171875 0.05625
14 0.64375 0.65859375 0.128125 0.06875
3 0.16171875 0.6265625 0.17578125 0.17890625