23 0.50546875 0.5734375 0.24453125 0.43671875
11 0.3796875 0.2578125 0.1234375 0.21796875
13 0.94765625 0.23671875 0.1046875 0.1875
23 0.1859375 0.678125 0.371875 0.64375
0 0.22109375 0.25390625 0.12421875 0.21796875
25 0.678125 0.2484375 0.115625 0.2046875
6 0.08359375 0.24609375 0.12734375 0.22421875
6 0.821875 0.246875 0.1078125 0.190625
3 0.534375 0.25 0.115625 0.20234375
1 0.284375 0.06015625 0.04453125 0.0796875
18 0.35390625 0.0578125 0.04375 0.0796875
12 0.4359375 0.059375 0.04296875 0.078125
19 0.13359375 0.06796875 0.05234375 0.09140625
0 0.0390625 0.08515625 0.07734375 0.1296875
19 0.209375 0.06484375 0.046875 0.0828125
19 0.99140625 0.0421875 0.0171875 0.04296875
19 0.95546875 0.04140625 0.02578125 0.04609375