23 0.48828125 0.55234375 0.234375 0.41796875
11 0.36796875 0.25 0.11796875 0.209375
13 0.91328125 0.2296875 0.10234375 0.1796875
23 0.18046875 0.665625 0.3609375 0.64375
0 0.21640625 0.24609375 0.11875 0.209375
25 0.65390625 0.240625 0.11015625 0.19609375
6 0.08515625 0.2390625 0.121875 0.21484375
6 0.79140625 0.2390625 0.103125 0.18203125
3 0.51640625 0.2421875 0.11015625 0.19375
1 0.27734375 0.0609375 0.04296875 0.0765625
18 0.34296875 0.0578125 0.0421875 0.0765625
12 0.421875 0.06015625 0.04140625 0.075
19 0.1328125 0.06796875 0.05 0.0875
0 0.0421875 0.084375 0.0734375 0.12421875
19 0.20546875 0.06484375 0.0453125 0.07890625
19 0.95703125 0.0421875 0.021875 0.040625
19 0.91953125 0.0421875 0.025 0.04375