2 0.13125 0.83828125 0.18828125 0.1953125
1 0.53984375 0.87109375 0.1265625 0.1296875
25 0.35 0.86328125 0.1453125 0.14609375
0 0.41796875 0.5328125 0.15625 0.2109375
6 0.61640625 0.528125 0.15 0.20390625
0 0.3140625 0.53203125 0.15625 0.20859375
0 0.2140625 0.52890625 0.1484375 0.20546875
0 0.1125 0.52890625 0.15078125 0.20546875
2 0.4453125 0.22265625 0.2 0.2296875
2 0.2734375 0.22421875 0.1953125 0.2296875
11 0.61171875 0.22265625 0.19140625 0.2296875
20 0.765625 0.23203125 0.17265625 0.20703125
20 0.89453125 0.23125 0.16953125 0.20859375