2 0.91953125 0.91328125 0.1609375 0.1734375
1 0.46953125 0.95078125 0.1484375 0.0984375
25 0.69140625 0.94140625 0.1703125 0.1171875
0 0.61171875 0.58203125 0.18359375 0.24765625
6 0.37890625 0.5765625 0.17578125 0.2390625
0 0.73359375 0.58125 0.18359375 0.24453125
0 0.85078125 0.57734375 0.17421875 0.240625
0 0.940625 0.57734375 0.11796875 0.240625
2 0.58046875 0.21796875 0.234375 0.26953125
2 0.78203125 0.21953125 0.22890625 0.26953125
11 0.384375 0.21796875 0.225 0.26953125
20 0.2046875 0.2296875 0.20234375 0.2421875
20 0.0765625 0.22734375 0.153125 0.2453125