0 0.58515625 0.77734375 0.1390625 0.1453125
0 0.40078125 0.70234375 0.13671875 0.140625
0 0.57578125 0.65234375 0.134375 0.128125
0 0.0671875 0.66640625 0.134375 0.134375
0 0.1984375 0.85703125 0.15 0.15
0 0.74375 0.65546875 0.1390625 0.134375
0 0.11328125 0.76796875 0.14296875 0.14765625
0 0.6828125 0.5609375 0.128125 0.1296875
0 0.95078125 0.6140625 0.0984375 0.13125
0 0.828125 0.59140625 0.128125 0.134375
0 0.28203125 0.765625 0.1453125 0.14296875
0 0.19609375 0.68359375 0.13671875 0.134375
0 0.9109375 0.70703125 0.14296875 0.140625