0 0.4640625 0.7625 0.12890625 0.13515625
0 0.63515625 0.69296875 0.12734375 0.13125
0 0.47265625 0.6453125 0.125 0.11875
0 0.94140625 0.65859375 0.1171875 0.125
0 0.8234375 0.8359375 0.1390625 0.1390625
0 0.31640625 0.6484375 0.12890625 0.125
0 0.90234375 0.753125 0.1328125 0.1375
0 0.37265625 0.56015625 0.11875 0.12109375
0 0.10859375 0.6109375 0.12265625 0.12265625
0 0.2375 0.5890625 0.11875 0.125
0 0.74609375 0.75078125 0.13515625 0.1328125
0 0.82578125 0.675 0.12734375 0.125
0 0.1609375 0.696875 0.1328125 0.13125